\def\REWARDDATAgenerator3{(0.00,0.000)(0.10,-12.884)(0.20,-12.884)(0.30,-18.015)(0.40,-5.814)(0.50,-18.013)(0.60,-18.013)(0.70,-5.816)(0.80,-18.012)(0.90,-18.011)(1.00,-5.818)(1.10,-18.022)(1.20,-5.808)(1.30,7.836)(1.40,7.837)(1.50,-18.019)(1.60,3.749)(1.70,-18.018)(1.80,-5.813)(1.90,-5.814)(2.00,-5.814)(2.10,-5.815)(2.20,-5.816)(2.30,-5.817)(2.40,-5.817)(2.50,-5.818)(2.60,-12.884)(2.70,-5.820)(2.80,-12.884)(2.90,-12.884)(3.00,-12.884)}
\def\REWARDMAXgenerator3{78.4}
\def\REWARDMAXIDXgenerator3{14}
\def\REWARDMINgenerator3{-180.2}
\def\REWARDMINIDXgenerator3{11}
\def\REWARDMEANgenerator3{-89.6}
\def\ACTIONDATAgenerator3{(0.00,0.000)(0.10,0.000)(0.20,0.000)(0.30,0.000)(0.40,0.800)(0.50,0.000)(0.60,0.300)(0.70,0.800)(0.80,0.100)(0.90,0.100)(1.00,0.600)(1.10,0.100)(1.20,0.600)(1.30,0.500)(1.40,0.600)(1.50,0.200)(1.60,0.200)(1.70,0.200)(1.80,0.700)(1.90,0.500)(2.00,0.500)(2.10,0.500)(2.20,0.500)(2.30,0.500)(2.40,0.500)(2.50,0.900)(2.60,0.400)(2.70,0.900)(2.80,0.400)(2.90,0.200)(3.00,0.400)}
\def\ACTIONMAXgenerator3{78.4}
\def\ACTIONMAXIDXgenerator3{14}
\def\ACTIONMINgenerator3{-180.2}
\def\ACTIONMINIDXgenerator3{11}
\def\ACTIONMEANgenerator3{-89.6}
\def\REWARDDATAgenerator{(0.00,0.000)(0.10,-16.143)(0.20,-16.142)(0.30,-17.314)(0.40,-1.397)(0.50,-17.316)(0.60,-1.399)(0.70,2.501)(0.80,-17.318)(0.90,-17.318)(1.00,-16.040)(1.10,-17.307)(1.20,-16.038)(1.30,-1.392)(1.40,-1.393)(1.50,-17.310)(1.60,-1.394)(1.70,-1.395)(1.80,-1.396)(1.90,2.501)(2.00,2.501)(2.10,2.501)(2.20,-16.032)(2.30,2.501)(2.40,2.501)(2.50,2.501)(2.60,-16.139)(2.70,-16.029)(2.80,-16.138)(2.90,-16.137)(3.00,-16.149)}
\def\REWARDMAXgenerator{25.0}
\def\REWARDMAXIDXgenerator{7}
\def\REWARDMINgenerator{-173.2}
\def\REWARDMINIDXgenerator{9}
\def\REWARDMEANgenerator{-82.9}
\def\ACTIONDATAgenerator{(0.00,0.000)(0.10,0.000)(0.20,0.000)(0.30,0.000)(0.40,0.600)(0.50,0.000)(0.60,0.700)(0.70,0.100)(0.80,0.000)(0.90,0.100)(1.00,0.400)(1.10,0.100)(1.20,0.100)(1.30,0.700)(1.40,0.700)(1.50,0.100)(1.60,0.700)(1.70,0.700)(1.80,0.700)(1.90,0.200)(2.00,0.200)(2.10,0.200)(2.20,0.200)(2.30,0.200)(2.40,0.200)(2.50,0.300)(2.60,0.300)(2.70,0.400)(2.80,0.300)(2.90,0.300)(3.00,0.300)}
\def\ACTIONMAXgenerator{25.0}
\def\ACTIONMAXIDXgenerator{7}
\def\ACTIONMINgenerator{-173.2}
\def\ACTIONMINIDXgenerator{9}
\def\ACTIONMEANgenerator{-82.9}
\def\REWARDDATAgenerator2{(0.00,0.000)(0.10,-5.313)(0.20,-5.314)(0.30,-11.247)(0.40,-1.081)(0.50,-11.247)(0.60,-11.247)(0.70,3.875)(0.80,-11.247)(0.90,-11.247)(1.00,-6.986)(1.10,-11.247)(1.20,-6.986)(1.30,11.566)(1.40,11.566)(1.50,-11.247)(1.60,5.395)(1.70,-11.247)(1.80,-1.088)(1.90,3.872)(2.00,3.873)(2.10,3.874)(2.20,-6.986)(2.30,3.875)(2.40,3.876)(2.50,3.877)(2.60,-5.320)(2.70,-6.986)(2.80,-5.322)(2.90,-5.322)(3.00,-5.323)}
\def\REWARDMAXgenerator2{115.7}
\def\REWARDMAXIDXgenerator2{14}
\def\REWARDMINgenerator2{-112.5}
\def\REWARDMINIDXgenerator2{6}
\def\REWARDMEANgenerator2{-31.1}
\def\ACTIONDATAgenerator2{(0.00,0.000)(0.10,0.600)(0.20,0.500)(0.30,0.000)(0.40,0.000)(0.50,0.000)(0.60,0.300)(0.70,0.600)(0.80,0.100)(0.90,0.100)(1.00,0.100)(1.10,0.300)(1.20,0.100)(1.30,0.900)(1.40,0.200)(1.50,0.200)(1.60,0.500)(1.70,0.000)(1.80,0.000)(1.90,0.900)(2.00,0.900)(2.10,0.900)(2.20,0.200)(2.30,0.900)(2.40,0.900)(2.50,0.900)(2.60,0.900)(2.70,0.400)(2.80,0.900)(2.90,0.900)(3.00,0.900)}
\def\ACTIONMAXgenerator2{115.7}
\def\ACTIONMAXIDXgenerator2{14}
\def\ACTIONMINgenerator2{-112.5}
\def\ACTIONMINIDXgenerator2{6}
\def\ACTIONMEANgenerator2{-31.1}
